100
86.19
94.11
90.95
68.24
11.16
6.06
12.29
91.55
36.08
95.92
75.35
27.90
94.59
57.26
23.42
42.68
44.47
28.27
46.47
63.86
34.20
49.85
27.39
86.00
22.82
58.86
63.36
27.95
52.05
27.09
40.53
1.96
39.52
72.63
16.63
49.66
84.52
9.19
24.98
10.20
60.19
91.95
77.80
56.61
100.0
71.13
31.90
62.95
67.86
54.13
39.55
33.27
33.77
66.92
88.05
93.09
95.96
35.53
15.29
43.01
83.14
1.05
84.69
52.63
35.89
16.92
43.07
73.98
49.53
53.31
54.39
16.56
14.80
26.67
1.72
97.31
26.50
96.47
34.45
46.38
43.67
9.08
60.74
44.54
49.88
86.54
53.83
37.70
84.88
1.95
92.38
42.38
69.14
3.33
98.86
3.78
97.89
21.07
34.79
56.19
